-2.839510701596736908e-02
-1.780054531991481781e-02
-7.574683520942926407e-03
1.248687971383333206e-03
6.259437068365514278e-04
3.474250115687027574e-05
-3.445975307840853930e-04
-1.085744821466505527e-03
-3.281474928371608257e-04
-2.414349874015897512e-04
2.259860411868430674e-05
2.689521716092713177e-05
-3.809435584116727114e-04
4.278893175069242716e-04
-8.482182747684419155e-04
-1.160913670901209116e-04
-1.010806299746036530e-03
-2.914390934165567160e-04
-1.040421775542199612e-03
4.040843923576176167e-04
4.827544034924358130e-04
5.544066661968827248e-04
-1.701179658994078636e-03
2.367076085647568107e-04
-1.846235245466232300e-04
8.555763633921742439e-04
1.373893173877149820e-04
-1.308183069340884686e-03
-7.138606160879135132e-04
-2.784976386465132236e-04
1.498467870987951756e-03
-1.842863566707819700e-04
3.370061458554118872e-04
-6.390722119249403477e-04
-1.644771313294768333e-03
-5.037379451096057892e-04
4.723770543932914734e-04
3.399451088625937700e-04
-1.360841561108827591e-03
5.444032722152769566e-04
-1.134825637564063072e-03
-4.000940243713557720e-04
9.107239893637597561e-04
1.105560688301920891e-03
-3.119022876489907503e-04
-2.077523153275251389e-03
3.260193043388426304e-04
-1.226810709340497851e-04
1.440910637029446661e-05
4.837892774958163500e-04
-1.360000809654593468e-03
-3.323061100672930479e-04
-3.415589162614196539e-04
1.217975113831926137e-05
-5.855794734088703990e-05
4.105767584405839443e-04
-8.158506534527987242e-05
8.955506200436502695e-05
-6.954045384190976620e-04
-1.333400869043543935e-04
4.404814972076565027e-04
5.286494342726655304e-05
-1.320159179158508778e-03
-3.668231947813183069e-04
-9.264451800845563412e-04
7.633248460479080677e-04
-1.242857892066240311e-03
1.638136018300428987e-04
-8.539165719412267208e-05
-6.908372160978615284e-04
1.897650217870250344e-04
1.505986438132822514e-04
-8.749511907808482647e-04
-2.963940496556460857e-04
-1.082162605598568916e-03
1.500223297625780106e-04
7.544083928223699331e-05
1.714458456262946129e-03
-6.998012540861964226e-04
-5.203076871111989021e-04
-1.488027046434581280e-04
8.701067999936640263e-04
-1.535193878225982189e-03
-1.200430328026413918e-03
2.086150925606489182e-05
-1.958443608600646257e-04
1.188529422506690025e-03
-4.097234341315925121e-04
3.400418790988624096e-04
7.834276766516268253e-04
-6.186194950714707375e-04
-4.965203115716576576e-04
-1.359681482426822186e-03
-2.579421561677008867e-04
-1.709638127067591995e-05
-4.101428203284740448e-04
-3.166091628372669220e-04
4.710676148533821106e-04
-2.624022890813648701e-04
2.746989484876394272e-04
-7.556251948699355125e-04
-3.493330586934462190e-05
-3.480342857073992491e-04
1.721328590065240860e-04
-3.479987790342420340e-04
-1.175619545392692089e-03
-2.839927619788795710e-04
6.475124973803758621e-04
4.508681013248860836e-05
-2.673901035450398922e-04
-4.911950672976672649e-04
-1.640696544200181961e-03
1.219233497977256775e-03
-5.648395745083689690e-04
1.375734864268451929e-04
-6.700577214360237122e-04
8.424042607657611370e-05
-3.891682135872542858e-04
8.593926322646439075e-04
-1.664886134676635265e-03
2.370345464441925287e-04
-2.879574603866785765e-04
-2.327965048607438803e-04
3.074094711337238550e-04
7.520660292357206345e-04
-9.734719060361385345e-04
-3.694237384479492903e-04
-3.600496274884790182e-04
4.960505975759588182e-05
-7.241747807711362839e-04
4.846716765314340591e-04
-2.887418668251484632e-04
-9.918180294334888458e-04
6.287251599133014679e-04
-1.248843909706920385e-05
2.718593459576368332e-04
2.649093221407383680e-04
-1.948358491063117981e-03
-1.863236830104142427e-04
-2.100298297591507435e-04
1.320475013926625252e-03
-1.061961404047906399e-03
8.029376040212810040e-04
-1.287994091399013996e-03
8.760098135098814964e-04
-3.320211544632911682e-04
8.860868401825428009e-04
-8.124963496811687946e-04
-7.209692266769707203e-04
-1.126642688177525997e-03
-4.467222897801548243e-04
1.499483129009604454e-03
1.049109559971839190e-04
-9.393863147124648094e-04
-2.756731119006872177e-04
-2.573881647549569607e-04
1.642899587750434875e-04
-6.285040872171521187e-04
-3.911314706783741713e-05
-5.815882468596100807e-04
-6.961020990274846554e-04
-1.193025964312255383e-03
9.532428230158984661e-04
1.446792623028159142e-03
-2.238940942334011197e-05
-1.252806978300213814e-03
-8.139364654198288918e-04
1.348096993751823902e-04
-1.367306249449029565e-04
-2.228069934062659740e-04
5.485838628374040127e-04
-3.946741053368896246e-04
-2.615608900669030845e-05
-3.423363377805799246e-04
-6.608999683521687984e-04
3.578455362003296614e-04
-7.101306109689176083e-04
3.575650407583452761e-05
-7.792881224304437637e-04
-5.352019798010587692e-04
8.685975335538387299e-04
-1.005841302685439587e-03
1.066915283445268869e-04
-3.300104290246963501e-04
3.422609588596969843e-04
-5.356720648705959320e-04
-1.423088979208841920e-04
-5.781783256679773331e-04
5.711567937396466732e-04
-7.656083325855433941e-04
5.129844648763537407e-04
6.273470935411751270e-04
-9.351611952297389507e-04
-4.311643424443900585e-04
-8.671311079524457455e-04
1.789466477930545807e-04
-2.876372491300571710e-05
-5.925790537730790675e-05
1.427947718184441328e-04
-3.764796420000493526e-04
2.959269040729850531e-04
2.801835944410413504e-04
-1.314502675086259842e-03
1.676861429587006569e-04
-1.671122037805616856e-03
9.882622398436069489e-04
-9.504710906185209751e-04
8.064283756539225578e-04
-3.290913882665336132e-04
-4.964208346791565418e-05
-4.072175361216068268e-04
-6.716620555380359292e-05
-6.725392304360866547e-04
-4.271483630873262882e-04
-4.433389694895595312e-04
7.612411536683794111e-06
2.018722734646871686e-04
-6.265217089094221592e-04
5.953439540462568402e-05
1.349133672192692757e-04
3.141859997413121164e-05
-4.717826086562126875e-04
-5.250812682788819075e-05
-7.518365746363997459e-04
4.906201502308249474e-04
9.933143155649304390e-05
-6.331448093988001347e-04
-1.220844686031341553e-03
-1.090570003725588322e-05
1.386981923133134842e-03
-1.404376671416684985e-04
-7.727983174845576286e-04
4.272024671081453562e-04
-3.410014323890209198e-04
-3.422040899749845266e-04
7.517629419453442097e-04
-6.188454572111368179e-04
1.059102127328515053e-03
-2.732012944761663675e-04
-1.642011222429573536e-03
-1.675283419899642467e-03
-2.460297546349465847e-04
1.512122806161642075e-03
-6.020541186444461346e-04
5.391068989410996437e-04
-6.579274777323007584e-04
6.089778034947812557e-04
-6.984626525081694126e-04
-1.260495278984308243e-03
-4.024503505206666887e-05
1.310430889134295285e-05
3.281709505245089531e-04
1.151034957729279995e-03
-1.091807353077456355e-04
-8.155151735991239548e-04
-2.948595792986452579e-04
8.729811088414862752e-05
-3.903812903445214033e-04
-4.949307185597717762e-04
-1.812646049074828625e-03
4.467755788937211037e-04
3.109798417426645756e-04
4.889179836027324200e-04
4.576987412292510271e-04
7.268761401064693928e-04
-1.178084290586411953e-03
3.549719112925231457e-04
-1.374368905089795589e-03
5.858606891706585884e-05
-1.470935763791203499e-03
-9.724089759401977062e-04
7.000637706369161606e-04
-5.990096251480281353e-04
5.703029455617070198e-04
8.535835077054798603e-04
9.212241275236010551e-05
7.306083571165800095e-04
-1.179188489913940430e-03
-1.257879193872213364e-03
4.069583519594743848e-05
-1.751772942952811718e-03
1.490793772973120213e-03
1.078229397535324097e-03
-1.024480094201862812e-03
-6.678342469967901707e-04
1.278226700378581882e-04
7.079668575897812843e-04
-1.224705250933766365e-03
-1.006823149509727955e-03
2.798249988700263202e-05
3.681493399199098349e-04
-4.052752046845853329e-04
-7.442432688549160957e-04
3.408351622056216002e-04
-5.365724209696054459e-04
7.520354702137410641e-04
8.258589514298364520e-05
-5.327052786014974117e-04
1.926347758853808045e-04
-1.175684505142271519e-03
9.316578143625520170e-06
-1.294144662097096443e-03
1.346633071079850197e-03
5.179679719731211662e-04
-1.482300809584558010e-03
-8.305923547595739365e-04
8.994161617010831833e-04
2.495276567060500383e-04
-4.131702589802443981e-04
5.042962147854268551e-04
-1.363945426419377327e-03
-4.429489781614392996e-04
-4.845421353820711374e-04
1.072280225344002247e-03
-6.593189318664371967e-04
-5.575428367592394352e-04
-6.818468100391328335e-04
-5.640811286866664886e-04
5.859623779542744160e-04
8.376474725082516670e-04
7.330511289183050394e-05
-9.587258682586252689e-05
-3.800984704867005348e-04
-1.383973984047770500e-03
-4.171492764726281166e-04
9.231459989678114653e-05
6.422066944651305676e-04
-2.274281869176775217e-04
9.954514825949445367e-05
-1.964519964531064034e-03
1.383861643262207508e-03
2.646962457220070064e-05
-5.842210375703871250e-04
-1.021814532577991486e-03
-1.257538213394582272e-03
-1.717890409054234624e-04
3.958488814532756805e-04
7.171795004978775978e-04
1.147133880294859409e-03
6.311496836133301258e-04
-1.357653527520596981e-04
-1.075916923582553864e-03
1.112475147238001227e-04
-1.575631322339177132e-03
-4.519515205174684525e-04
7.226180168800055981e-04
-4.011904820799827576e-04
-4.569217562675476074e-04
5.233632982708513737e-04
-4.001929773949086666e-04
-4.242655704729259014e-04
-6.262167589738965034e-04
-1.393648999510332942e-04
-1.058699912391602993e-03
-1.970643061213195324e-04
5.269692628644406796e-04
-5.919720861129462719e-04
4.729985812446102500e-05
1.275196322239935398e-03
-4.102841485291719437e-04
-2.944403095170855522e-04
-1.277451636269688606e-03
3.759332757908850908e-04
-8.744907099753618240e-04
-9.471176308579742908e-04
1.740304287523031235e-03
-3.066911012865602970e-04
4.505562246777117252e-04
-1.243839273229241371e-03
-6.018118583597242832e-04
2.030133910011500120e-04
5.930688930675387383e-04
-5.926577141508460045e-04
6.010749493725597858e-04
-4.673381336033344269e-04
1.967509451787918806e-04
3.975756408181041479e-04
4.173339111730456352e-04
-3.310749598313122988e-04
-9.787612361833453178e-04
-8.073864737525582314e-04
-9.053904213942587376e-04
8.402477833442389965e-04
-3.937041037715971470e-04
-6.956004071980714798e-04
7.833827985450625420e-04
3.325865254737436771e-04
-1.639543217606842518e-03
1.681903813732787967e-04
-2.490287297405302525e-04
2.104657614836469293e-04
5.950571503490209579e-04
5.421440801001153886e-05
-1.058824826031923294e-03
1.368545508739771321e-05
-7.753177778795361519e-04
7.358735310845077038e-04
3.204720851499587297e-04
-1.645918673602864146e-04
-1.332191983237862587e-03
-1.023172735585831106e-04
2.503711730241775513e-04
6.345242727547883987e-04
-5.582768353633582592e-04
-5.377450142987072468e-04
4.435584123712033033e-04
-1.219551661051809788e-03
1.258109696209430695e-03
-1.451647607609629631e-03
6.600319757126271725e-04
-7.642852142453193665e-04
-2.961360150948166847e-04
-1.389798941090703011e-03
2.191282510466407984e-05
-1.647136959945783019e-04
4.054696182720363140e-04
-3.307728620711714029e-04
2.079092664644122124e-03
3.200560167897492647e-04
-2.796815351757686585e-05
-3.536058939062058926e-04
-5.092669016448780894e-05
-2.383568091318011284e-03
3.699779335875064135e-05
-6.971769034862518311e-04
1.203330117277801037e-03
-9.336504153907299042e-04
1.210409609484486282e-04
-2.758879272732883692e-04
7.121916132746264338e-05
-6.532733095809817314e-04
1.913456362672150135e-03
-6.110425456427037716e-04
-1.209809124702587724e-04
-1.550336368381977081e-03
7.133588078431785107e-04
-7.708488847129046917e-04
-3.783373103942722082e-04
-7.358003058470785618e-04
7.076635374687612057e-04
-5.752493161708116531e-04
8.154434035532176495e-04
-1.160165411420166492e-03
1.112801182898692787e-04
2.142071462003514171e-04
7.985503179952502251e-05
5.462103217723779380e-05
-3.216757322661578655e-04
-1.080191577784717083e-04
1.348643214441835880e-03
-7.167734438553452492e-04
-6.529305246658623219e-04
1.045133220031857491e-03
-3.559807955753058195e-04
-8.762163924984633923e-04
-5.243140039965510368e-04
6.773786153644323349e-04
-1.464566099457442760e-03
3.536273434292525053e-04
1.813380513340234756e-04
5.653420521412044764e-05
-2.207222569268196821e-04
-9.083076729439198971e-04
-1.574206748045980930e-03
-4.537598870228976011e-04
1.418785424903035164e-03
1.170164396171458066e-04
-3.340666007716208696e-04
-5.805826513096690178e-04
-2.950052148662507534e-04
-9.258046047762036324e-04
-3.996884042862802744e-04
1.728375675156712532e-03
-6.608053809031844139e-04
-1.195769174955785275e-03
6.103776395320892334e-04
9.307700383942574263e-05
5.738410254707559943e-05
6.910542724654078484e-04
-6.943228072486817837e-05
6.418879493139684200e-04
-8.946029120124876499e-04
-3.411680518183857203e-04
1.383994094794616103e-05
6.405530148185789585e-04
-7.203298155218362808e-04
-1.064478652551770210e-03
4.966490087099373341e-04
7.575711933895945549e-04
-3.305048448964953423e-05
1.612837077118456364e-04
-8.237519650720059872e-04
-7.844484207453206182e-05
-4.234055522829294205e-04
3.220540820620954037e-04
-1.183797139674425125e-03
5.055434303358197212e-04
-6.490909727290272713e-04
4.348174552433192730e-04
-7.411787519231438637e-04
-8.045464055612683296e-04
2.694231807254254818e-04
7.313631358556449413e-04
-8.946118759922683239e-04
1.652916311286389828e-03
2.024286950472742319e-04
-4.237704852130264044e-04
-7.717562839388847351e-04
8.052221382968127728e-04
-6.964649655856192112e-04
-9.180674678646028042e-04
-1.084557152353227139e-03
1.425942522473633289e-03
-8.554644882678985596e-04
8.268994861282408237e-05
-1.637627254240214825e-03
9.906239574775099754e-05
1.003761775791645050e-03
3.204898675903677940e-04
2.469280152581632137e-04
-4.502931551542133093e-04
-9.393948857905343175e-05
-1.789205707609653473e-03
3.145318187307566404e-04
-3.146744274999946356e-04
-4.621614061761647463e-04
-6.139602628536522388e-04
7.962091331137344241e-06
2.726075181271880865e-04
2.865763381123542786e-04
2.320486528333276510e-04
7.478978368453681469e-04
-1.056731329299509525e-03
-8.347146795131266117e-04
7.773227116558700800e-05
6.207741098478436470e-04
-8.675321587361395359e-04
-5.814991891384124756e-04
7.758151332382112741e-05
-1.857716415543109179e-04
1.809495966881513596e-03
-1.373690669424831867e-03
4.923100350424647331e-04
-7.068204577080905437e-04
2.635970304254442453e-04
-1.752045936882495880e-04
-6.669812137261033058e-04
5.745240923715755343e-05
-3.098263914580456913e-05
-1.306135673075914383e-03
8.400043589062988758e-04
-5.814245087094604969e-04
1.668306882493197918e-03
-1.124410264310427010e-04
-8.567941840738058090e-04
-3.789300390053540468e-04
1.566185237606987357e-04
-8.964297740021720529e-05
5.632878746837377548e-04
6.433933158405125141e-04
-1.183494110591709614e-03
1.259348937310278416e-04
-7.245199522003531456e-04
3.458821738604456186e-04
-4.533859028015285730e-04
-5.118462722748517990e-04
-2.963325532618910074e-04
7.899884076323360205e-05
-3.748211311176419258e-04
6.020198925398290157e-04
1.025381032377481461e-03
2.823612012434750795e-04
-2.046474546659737825e-04
1.124055343098007143e-04
-1.718180574243888259e-04
-3.271234163548797369e-04
-1.637496054172515869e-03
1.096093328669667244e-03
-1.512726536020636559e-03
6.503813201561570168e-04
-7.432706770487129688e-04
2.913390053436160088e-04
-3.187918628100305796e-04
6.789785111322999001e-04
-6.110768299549818039e-04
-5.487311282195150852e-04
-6.870742072351276875e-04
5.785400280728936195e-04
-6.087389774620532990e-04
-4.147702929913066328e-05
-9.086062200367450714e-04
1.145168440416455269e-03
8.200368611142039299e-04
-3.307138977106660604e-04
-8.256756118498742580e-04
-5.066684097982943058e-04
-7.807296351529657841e-04
1.734414545353502035e-04
-9.733815095387399197e-04
4.862494824919849634e-04
3.287403887952677906e-05
-2.668972010724246502e-04
-1.260233984794467688e-04
-3.965137875638902187e-04
3.098591114394366741e-04
7.707943441346287727e-04
-7.302811718545854092e-04
-5.145817412994801998e-04
-9.350988548249006271e-04
6.577578024007380009e-04
-1.478595077060163021e-03
4.508918791543692350e-04
-5.434410413727164268e-04
4.307071212679147720e-04
1.417909166775643826e-03
-5.963637377135455608e-04
7.978657376952469349e-04
-1.274404115974903107e-03
-8.968098554760217667e-04
-1.008790684863924980e-03
2.925835433416068554e-04
9.791002376005053520e-04
6.363479769788682461e-04
-6.297582294791936874e-04
-5.357557165552861989e-05
-2.173990360461175442e-04
5.162590532563626766e-04
-8.119814447127282619e-04
-3.323280543554574251e-04
1.237653632415458560e-04
-1.036544330418109894e-03
7.830670074326917529e-05
-5.440323147922754288e-04
7.917101611383259296e-04
-3.974172868765890598e-04
6.096365978009998798e-04
4.375229182187467813e-04
-2.263920177938416600e-04
-1.204910222440958023e-03
-2.829500590451061726e-04
3.131470293737947941e-04
-1.041534822434186935e-03
9.616777533665299416e-04
-5.795334582217037678e-04
-5.502766580320894718e-04
-6.939574377611279488e-04
8.722872007638216019e-05
-4.300508007872849703e-04
9.310324676334857941e-04
-6.537241861224174500e-04
-8.679435122758150101e-04
1.183353946544229984e-03
-7.087169215083122253e-04
-2.059326070593670011e-04
-8.172194357030093670e-04
-4.234206862747669220e-04
2.097515789500903338e-05
3.911242820322513580e-04
-8.981520659290254116e-04
-3.787882160395383835e-04
-2.686052466742694378e-04
9.386608726345002651e-04
-1.580124488100409508e-03
3.330714243929833174e-04
-1.682487083598971367e-03
9.295378113165497780e-04
2.178094000555574894e-04
6.510037928819656372e-04
-6.115638097980991006e-05
-9.870039066299796104e-04
3.812847717199474573e-04
8.087154128588736057e-04
-8.882879628799855709e-04
6.013068486936390400e-04
-4.410110996104776859e-04
-2.396918353042565286e-05
-8.027978474274277687e-04
2.880750398617237806e-04
-9.207388502545654774e-04
1.852871966548264027e-03
-4.791672472492791712e-05
-7.914235466159880161e-04
8.566056931158527732e-05
-6.876855622977018356e-04
4.334633704274892807e-04
4.065914254169911146e-04
-1.283215242438018322e-04
-3.794858057517558336e-04
-5.700079491361975670e-04
3.889464132953435183e-04
-2.377216733293607831e-04
-8.590339566580951214e-04
-4.986318526789546013e-04
5.083221476525068283e-04
-1.354125444777309895e-03
-3.231271402910351753e-04
7.776333222864195704e-05
3.286322171334177256e-04
6.478715222328901291e-04
-1.639695256017148495e-03
-6.555455038323998451e-04
7.384210766758769751e-05
8.368372073164209723e-05
6.977602024562656879e-04
-4.265928873792290688e-05
-9.020282595884054899e-05
-1.031762221828103065e-03
5.748531548306345940e-04
-5.407712887972593307e-04
-2.489227335900068283e-04
4.447521350812166929e-04
-1.899633207358419895e-05
2.876973667298443615e-05
3.533464769134297967e-05
-5.692443228326737881e-04
-1.006556092761456966e-03
8.723346982151269913e-04
-2.124261372955515981e-04
-1.861414930317550898e-04
2.186225901823490858e-04
-4.374944837763905525e-04
-6.622607470490038395e-04
-1.526772030047141016e-05
-5.360959097743034363e-03
8.746010251343250275e-03
8.186278864741325378e-03
-2.307835035026073456e-02
1.858304999768733978e-02
-9.115874767303466797e-03
6.940962281078100204e-03
-3.944144118577241898e-03
-5.719204898923635483e-03
2.993779489770531654e-04
-1.699305488727986813e-03
1.172218378633260727e-02
3.722335398197174072e-02
-2.891124971210956573e-02
-3.344485908746719360e-02
-7.139711081981658936e-02
1.310809701681137085e-01
-6.987616419792175293e-02
1.220462173223495483e-01
-1.064644828438758850e-01
1.358439121395349503e-02
-7.975781708955764771e-02
8.854136615991592407e-02
-2.775227464735507965e-02
9.741462022066116333e-02
-4.739521443843841553e-02
-4.420707002282142639e-02
9.447793476283550262e-03
-1.791953295469284058e-01
2.006027549505233765e-01
-4.031105339527130127e-02
9.559535235166549683e-02
6.057307496666908264e-02
-1.211949661374092102e-01
-2.153849005699157715e-01
1.564604192972183228e-01
6.332442164421081543e-02
-1.439079046249389648e-01
2.974451780319213867e-01
-5.963793769478797913e-02
2.703595720231533051e-02
-3.645196855068206787e-01
1.246062740683555603e-01
2.975863814353942871e-01
-5.458281636238098145e-01
5.855197906494140625e-01
-2.106572985649108887e-01
1.096808686852455139e-01
-7.184308767318725586e-02
-4.559083282947540283e-01
5.755941271781921387e-01
-3.074839413166046143e-01
-7.198437303304672241e-02
4.767741560935974121e-01
-3.113702535629272461e-01
1.970687359571456909e-01
-2.466794699430465698e-01
-2.860750555992126465e-01
7.038071751594543457e-01
-6.847691535949707031e-01
3.938785195350646973e-01
2.175755947828292847e-01
-3.078422844409942627e-01
2.764986753463745117e-01
-4.943117797374725342e-01
6.642053276300430298e-02
5.536255836486816406e-01
-8.591744899749755859e-01
7.636265158653259277e-01
-7.356889545917510986e-02
-2.544357478618621826e-01
3.009605705738067627e-01
-7.154167890548706055e-01
5.398827791213989258e-01
9.884208440780639648e-02
-6.503942012786865234e-01
9.199653267860412598e-01
-4.157429635524749756e-01
-2.971531450748443604e-02
1.367498934268951416e-01
-6.815582513809204102e-01
8.394252061843872070e-01
-3.548921048641204834e-01
-3.034686744213104248e-01
8.752334713935852051e-01
-5.561366081237792969e-01
1.267943084239959717e-01
-9.688889235258102417e-02
-4.024268984794616699e-01
7.797343134880065918e-01
-6.151887774467468262e-01
8.997956663370132446e-02
6.121082305908203125e-01
-5.455756783485412598e-01
2.210431993007659912e-01
-3.402755260467529297e-01
-1.551031041890382767e-02
5.124981403350830078e-01
-6.523980498313903809e-01
4.036319553852081299e-01
3.400670886039733887e-01
-4.683243930339813232e-01
1.819912940263748169e-01
-4.408616721630096436e-01
3.237329721450805664e-01
1.760296821594238281e-01
-5.554888248443603516e-01
6.658889055252075195e-01
-1.135690137743949890e-02
-3.133380115032196045e-01
9.163665026426315308e-02
-3.656609952449798584e-01
4.657387733459472656e-01
-1.183847784996032715e-01
-3.121680617332458496e-01
6.869156956672668457e-01
-2.492817342281341553e-01
-1.388524472713470459e-01
-1.331423968076705933e-01
-9.319169074296951294e-02
4.375890791416168213e-01
-3.783314228057861328e-01
2.646345086395740509e-02
5.518584251403808594e-01
-3.816924691200256348e-01
-1.969337090849876404e-02
-2.765646576881408691e-01
2.039768099784851074e-01
2.226456403732299805e-01
-4.599452316761016846e-01
3.596040010452270508e-01
3.001834154129028320e-01
-3.567714691162109375e-01
-7.906047999858856201e-02
-1.896871626377105713e-01
3.776837885379791260e-01
-8.003862202167510986e-02
-2.961631417274475098e-01
5.409784317016601562e-01
-2.790861576795578003e-02
-2.505563497543334961e-01
-1.864055693149566650e-01
5.442176759243011475e-02
3.350053429603576660e-01
-3.429020345211029053e-01
-2.582338452339172363e-02
5.602954626083374023e-01
-2.773779928684234619e-01
-1.646312326192855835e-01
-2.270599901676177979e-01
3.050084114074707031e-01
7.850467413663864136e-02
-3.860147297382354736e-01
3.204366266727447510e-01
3.131758570671081543e-01
-3.339627981185913086e-01
-1.857371330261230469e-01
-7.961495220661163330e-02
4.101929068565368652e-01
-2.128641903400421143e-01
-2.424558550119400024e-01
5.629227161407470703e-01
-3.078780509531497955e-02
-2.795459330081939697e-01
-2.477159351110458374e-01
2.146006971597671509e-01
2.560305595397949219e-01
-3.988231122493743896e-01
6.765270978212356567e-02
5.263214111328125000e-01
-2.964796721935272217e-01
-2.419276982545852661e-01
-1.591530889272689819e-01
4.299100637435913086e-01
-6.631653010845184326e-02
-3.897756338119506836e-01
4.214884340763092041e-01
2.458784878253936768e-01
-3.746320903301239014e-01
-2.665319442749023438e-01
1.125462502241134644e-01
3.818106651306152344e-01
-3.277048468589782715e-01
-1.736856997013092041e-01
6.157555580139160156e-01
-1.114227026700973511e-01
-3.589583039283752441e-01
-2.038625478744506836e-01
3.900273144245147705e-01
1.218527406454086304e-01
-4.510482549667358398e-01
1.749729365110397339e-01
5.118254423141479492e-01
-3.494172096252441406e-01
-3.307007253170013428e-01
-2.095043892040848732e-03
4.571577608585357666e-01
-1.796353012323379517e-01
-3.806124925613403320e-01
5.125643610954284668e-01
1.916239410638809204e-01
-4.247978329658508301e-01
-2.877264916896820068e-01
2.860499620437622070e-01
3.037023544311523438e-01
-3.843491673469543457e-01
-1.180958598852157593e-01
6.377211213111877441e-01
-1.475595682859420776e-01
-4.142373502254486084e-01
-1.423145234584808350e-01
4.672289192676544189e-01
4.116974398493766785e-02
-4.466491937637329102e-01
2.230361998081207275e-01
4.850880205631256104e-01
-3.541312217712402344e-01
-3.863756656646728516e-01
8.229728788137435913e-02
4.689458310604095459e-01
-2.054964900016784668e-01
-3.706328272819519043e-01
4.998887777328491211e-01
2.029522955417633057e-01
-4.249180257320404053e-01
-3.230332732200622559e-01
3.205542862415313721e-01
3.019427657127380371e-01
-3.584317266941070557e-01
-1.667380034923553467e-01
6.002106666564941406e-01
-6.986894458532333374e-02
-4.285802841186523438e-01
-1.803660839796066284e-01
4.628525674343109131e-01
1.095220521092414856e-01
-4.317819476127624512e-01
1.054913029074668884e-01
5.011767148971557617e-01
-2.445876598358154297e-01
-4.183356761932373047e-01
1.503394357860088348e-02
4.676009118556976318e-01
-8.275762945413589478e-02
-4.174360632896423340e-01
3.433259129524230957e-01
3.139674067497253418e-01
-3.457883596420288086e-01
-3.919802606105804443e-01
2.324811220169067383e-01
3.733318448066711426e-01
-2.328016906976699829e-01
-2.981434166431427002e-01
4.807179570198059082e-01
1.041995435953140259e-01
-4.035685956478118896e-01
-2.850266396999359131e-01
3.877233266830444336e-01
2.393053025007247925e-01
-3.540139198303222656e-01
-7.143317908048629761e-02
4.714545607566833496e-01
-8.965869992971420288e-02
-4.356799423694610596e-01
-7.511502504348754883e-02
4.391456544399261475e-01
3.584675863385200500e-02
-3.836982548236846924e-01
1.816692501306533813e-01
3.268125951290130615e-01
-2.666359245777130127e-01
-3.931958675384521484e-01
1.925414800643920898e-01
3.436492681503295898e-01
-1.674749106168746948e-01
-2.435553967952728271e-01
3.618452548980712891e-01
8.210745453834533691e-02
-4.021366834640502930e-01
-1.690589189529418945e-01
3.623075783252716064e-01
1.356124132871627808e-01
-2.800742387771606445e-01
5.885334312915802002e-02
3.162283003330230713e-01
-1.937902420759201050e-01
-3.832726478576660156e-01
1.681175529956817627e-01
3.056977391242980957e-01
-1.330690085887908936e-01
-1.733370572328567505e-01
2.801000773906707764e-01
6.578725576400756836e-02
-3.903614580631256104e-01
-1.030670925974845886e-01
3.264419734477996826e-01
7.538685947656631470e-02
-2.369324862957000732e-01
1.083657816052436829e-01
2.428922504186630249e-01
-2.335169613361358643e-01
-3.199890553951263428e-01
2.182544022798538208e-01
2.503167688846588135e-01
-1.638492643833160400e-01
-1.016123592853546143e-01
2.811166346073150635e-01
1.210172893479466438e-03
-3.895273208618164062e-01
-1.257725805044174194e-02
3.271341025829315186e-01
2.252942137420177460e-02
-2.304565310478210449e-01
1.519813537597656250e-01
1.926533132791519165e-01
-2.803333997726440430e-01
-2.616665363311767578e-01
2.644546329975128174e-01
2.014050334692001343e-01
-1.869105845689773560e-01
-4.907694458961486816e-02
2.550805509090423584e-01
-6.945666670799255371e-02
-3.710759878158569336e-01
7.372174412012100220e-02
2.958204448223114014e-01
-4.349181801080703735e-02
-1.790878623723983765e-01
2.089933305978775024e-01
1.118564158678054810e-01
-3.275613784790039062e-01
-1.370725780725479126e-01
2.892919480800628662e-01
1.029649153351783752e-01
-2.019364535808563232e-01
6.938602030277252197e-02
2.160873413085937500e-01
-2.130433917045593262e-01
-2.853068411350250244e-01
2.048540115356445312e-01
2.137733101844787598e-01
-1.466255038976669312e-01
-5.666572973132133484e-02
2.397605627775192261e-01
-8.301857858896255493e-02
-3.365833759307861328e-01
9.506095200777053833e-02
2.601391673088073730e-01
-6.002804636955261230e-02
-1.337150037288665771e-01
2.027740478515625000e-01
4.282260313630104065e-02
-3.367079496383666992e-01
-1.959129422903060913e-02
2.606658935546875000e-01
2.601652219891548157e-02
-1.605698913335800171e-01
1.358831673860549927e-01
1.106858849525451660e-01
-2.893858551979064941e-01
-1.084845960140228271e-01
2.227241545915603638e-01
8.404102176427841187e-02
-1.374748498201370239e-01
7.401476055383682251e-02
1.359270364046096802e-01
-2.376672029495239258e-01
-1.393063515424728394e-01
1.981791704893112183e-01
1.068484634160995483e-01
-1.175477653741836548e-01
3.309751674532890320e-02
1.537465155124664307e-01
-1.910768002271652222e-01
-1.623637229204177856e-01
1.674160063266754150e-01
1.138949915766716003e-01
-1.028704494237899780e-01
5.046115256845951080e-05
1.517539173364639282e-01
-1.649120151996612549e-01
-1.646239906549453735e-01
1.398971229791641235e-01
1.182397902011871338e-01
-7.953736186027526855e-02
-1.035466138273477554e-02
1.312488466501235962e-01
-1.317845284938812256e-01
-1.558033674955368042e-01
1.224302425980567932e-01
1.138581708073616028e-01
-5.607542023062705994e-02
-3.003720939159393311e-02
1.286709457635879517e-01
-9.565354883670806885e-02
-1.630711853504180908e-01
8.839708566665649414e-02
1.108807995915412903e-01
-2.469505183398723602e-02
-5.962043255567550659e-02
6.952998042106628418e-02
-2.503926400095224380e-03
-1.324890851974487305e-01
6.260352674871683121e-03
9.692160785198211670e-02
1.955938525497913361e-02
-4.072275385260581970e-02
4.636399075388908386e-02
-2.624176070094108582e-02
-1.131756305694580078e-01
2.887961454689502716e-02
9.368670731782913208e-02
1.785055175423622131e-02
-5.547660589218139648e-02
7.733901729807257652e-04
1.676094532012939453e-02
-4.000363498926162720e-02
-2.245516330003738403e-02
4.081645235419273376e-02
5.343316495418548584e-02
-6.385920103639364243e-03
-7.382678985595703125e-02
-1.208603195846080780e-02
3.106577694416046143e-02
4.377779085189104080e-03
2.481571165844798088e-03
1.701380126178264618e-02
-1.744625740684568882e-03
-2.700637839734554291e-02
-1.056306716054677963e-02
1.544965058565139771e-02
1.005908474326133728e-02
2.713256049901247025e-03
-1.301131560467183590e-03
-8.561720140278339386e-03
-1.298891473561525345e-02
1.004552654922008514e-02
1.603988930583000183e-02
-6.728994660079479218e-03
-2.218800224363803864e-02
2.576619153842329979e-03
1.920324191451072693e-02
-6.748629733920097351e-03
-1.157694496214389801e-02
3.558387979865074158e-03
2.852624049410223961e-03
-1.011650427244603634e-03
-1.112263649702072144e-03
3.097702516242861748e-03
-1.112796249799430370e-03
-9.566078078933060169e-04
1.794347073882818222e-03
-7.071878295391798019e-03
-2.614190103486180305e-03
2.663248917087912560e-03
7.841145852580666542e-04
5.703116767108440399e-04
-3.800660138949751854e-03
-2.021460793912410736e-03
4.218755755573511124e-03
3.076676744967699051e-03
-3.079109126701951027e-03
-3.197533311322331429e-03
5.172051169211044908e-05
-6.384851294569671154e-04
-1.080598798580467701e-03
-4.807848483324050903e-03
7.004381623119115829e-03
4.170427564531564713e-03
-3.803090192377567291e-03
-2.606345806270837784e-03
2.716514572966843843e-04
-1.934017636813223362e-03
-2.342698629945516586e-03
2.228719880804419518e-03
3.382219001650810242e-03
-2.143813762813806534e-03
-5.264618434011936188e-03
5.007632076740264893e-03
-3.525529522448778152e-03
-5.604847334325313568e-03
5.504599772393703461e-03
3.832031739875674248e-03
-3.614674787968397141e-03
-3.156368853524327278e-03
2.236132975667715073e-03
-1.659695117268711329e-04
-2.709809690713882446e-03
1.720309723168611526e-03
1.466204994358122349e-03
-4.038286861032247543e-03
-2.289311261847615242e-03
3.237019525840878487e-03
-3.332378109917044640e-04
-3.389321267604827881e-03
1.081082620657980442e-03
2.146292477846145630e-03
-3.313264111056923866e-03
-3.454622114077210426e-03
4.922051448374986649e-03
1.912223524414002895e-04
5.885640275664627552e-04
-2.809103345498442650e-03
-4.804672789759933949e-04
-1.220737118273973465e-03
-9.286911226809024811e-04
1.428484974894672632e-04
3.489001421257853508e-03
-1.841933233663439751e-03
-9.192235302180051804e-04
2.084004227072000504e-03
-2.048857510089874268e-03
-3.424347378313541412e-03
-6.442387239076197147e-04
1.208317815326154232e-03
7.575734052807092667e-04
-1.056431327015161514e-03
1.962562600965611637e-05
-2.084519481286406517e-03
-1.554926275275647640e-04
2.102873520925641060e-03
1.488438574597239494e-03
-2.427858300507068634e-03
-6.207813858054578304e-04
1.006150632747448981e-04
-1.854702713899314404e-03
-1.104943105019629002e-03
6.526680663228034973e-04
1.709125586785376072e-03
2.639434242155402899e-04
-1.435706974007189274e-03
-5.178026040084660053e-04
-7.884543156251311302e-04
5.373742314986884594e-04
-2.069759881123900414e-03
-3.913554537575691938e-04
-1.559782424010336399e-03
1.399399945512413979e-03
-6.620894419029355049e-05
-9.459382272325456142e-04
3.732744662556797266e-04
5.757629405707120895e-04
-2.689925895538181067e-04
1.623702119104564190e-03
-1.464493456296622753e-03
-1.479943515732884407e-03
-1.173147000372409821e-03
2.582944929599761963e-03
-7.587384898215532303e-04
-2.384640509262681007e-03
-1.318254944635555148e-04
8.654294651933014393e-04
-1.902527990750968456e-03
-1.322617405094206333e-03
9.208770352415740490e-04
1.375052146613597870e-03
-1.781946164555847645e-03
1.732581295073032379e-04
-3.593093133531510830e-04
5.078021786175668240e-04
-1.447111251763999462e-03
-1.270834472961723804e-03
1.198354060761630535e-03
7.333471439778804779e-04
-6.775426445528864861e-04
-6.413390510715544224e-04
5.792052834294736385e-04
-1.913140411488711834e-03
-4.705195897258818150e-04
1.388942240737378597e-03
-2.296739257872104645e-03
-5.344614037312567234e-04
2.947944449260830879e-04
8.949685725383460522e-04
-8.410032023675739765e-04
1.110416633309796453e-06
1.293257228098809719e-03
-7.474705926142632961e-04
-1.620683353394269943e-03
2.848766162060201168e-04
2.625407978484872729e-05
1.901377981994301081e-04
-1.853603054769337177e-03
-5.421828973339870572e-05
-2.852339821401983500e-05
1.163596753031015396e-03
-1.194077893160283566e-03
-5.593980313278734684e-04
-1.083738636225461960e-03
-6.157919415272772312e-04
1.290350686758756638e-03
-2.884846799133811146e-05
-1.805850304663181305e-03
-1.132556935772299767e-03
-1.786888751666992903e-04
7.176677463576197624e-04
9.864331223070621490e-04
1.984755799639970064e-04
-3.082398907281458378e-04
-1.448547700420022011e-03
-5.615404224954545498e-04
1.060045207850635052e-03
-1.801792415790259838e-03
6.090610986575484276e-04
1.317227724939584732e-04
-1.134167658165097237e-03
-9.053689427673816681e-04
7.449776167050004005e-04
1.725210808217525482e-03
-1.865803933469578624e-04
-2.980219200253486633e-03
1.824755745474249125e-04
1.844687358243390918e-04
1.471474679419770837e-04
-3.164677473250776529e-04
-1.210716320201754570e-03
1.900877759908325970e-05
6.765639409422874451e-05
4.543701943475753069e-04
-1.348193385638296604e-03
-5.790850264020264149e-04
1.398447202518582344e-03
-4.459564515855163336e-04
-5.764067173004150391e-04
-1.849482650868594646e-03
9.119232418015599251e-04
-1.322878641076385975e-03
9.905983461067080498e-04
-3.908979124389588833e-05
-2.383340761298313737e-04
4.223937576171010733e-04
-1.742373686283826828e-03
-1.101895002648234367e-03
5.520019331015646458e-04
2.640086167957633734e-04
-6.135688745416700840e-04
-1.438355422578752041e-03
1.448165741749107838e-03
6.019975626259110868e-05
-7.764677866362035275e-04
-2.192844694945961237e-04
5.784350214526057243e-04
-6.830135826021432877e-04
3.498052319628186524e-05
-8.713422575965523720e-04
-3.190765564795583487e-04
-6.262781680561602116e-04
-1.284156809560954571e-03
-1.174055705632781610e-05
-3.414444217924028635e-04
9.776542428880929947e-04
-1.102916576201096177e-04
-7.856758311390876770e-04
-2.315544261364266276e-04
1.178361941128969193e-03
-1.129461918026208878e-03
-9.876175317913293839e-04
2.495858934707939625e-04
1.060770009644329548e-03
-1.128161908127367496e-03
8.891256875358521938e-04
-1.078560366295278072e-03
-1.105255614675115794e-05
-1.596087007783353329e-03
2.316909085493534803e-04
7.296582334674894810e-04
-1.739371655276045203e-04
-9.611382847651839256e-05
-1.058892812579870224e-03
-1.671753940172493458e-03
1.118425978347659111e-03
1.616096596990246326e-05
-9.123921627178788185e-04
-2.203463111072778702e-03
1.466450747102499008e-03
-3.860784345306456089e-04
-7.913134759292006493e-04
-2.183858887292444706e-04
1.949343946762382984e-03
-4.920940846204757690e-04
-2.003748668357729912e-03
-6.207721162354573607e-05
1.747493050061166286e-03
1.196216908283531666e-04
-2.946679524029605091e-05
3.564185753930360079e-04
-1.853434368968009949e-03
-2.722563222050666809e-03
7.411044789478182793e-04
1.759191509336233139e-03
-1.881406060419976711e-03
3.038470749743282795e-04
1.064524039975367486e-04
-1.336611458100378513e-03
1.275184768019244075e-04
8.271659025922417641e-04
2.517325629014521837e-04
-9.459831053391098976e-04
5.235461285337805748e-04
-8.523078868165612221e-04
-6.848438060842454433e-04
-4.484936362132430077e-04
1.239809906110167503e-03
-1.302538672462105751e-03
-7.732727099210023880e-04
-8.237468427978456020e-04
1.123062917031347752e-03
-2.612945099826902151e-04
-2.704601211007684469e-04
6.623344379477202892e-04
-1.867700950242578983e-03
-1.415104954503476620e-03
9.650206193327903748e-04
-4.615669604390859604e-04
4.782013129442930222e-04
-2.215399639680981636e-03
6.661341758444905281e-04
4.410967230796813965e-04
1.119281048886477947e-03
-2.345363609492778778e-04
-9.614851442165672779e-04
-7.704801391810178757e-04
-8.381976513192057610e-04
6.407811306416988373e-04
9.703869000077247620e-04
-1.348024001345038414e-03
1.012435066513717175e-03
2.176980924559757113e-04
-2.288947580382227898e-03
2.354656899115070701e-04
7.304545142687857151e-04
-5.079066031612455845e-04
-2.058131387457251549e-03
-1.923419767990708351e-04
1.032911124639213085e-03
-4.135166818741708994e-04
2.152227534679695964e-04
1.307754195295274258e-03
-1.686412026174366474e-03
-4.370945680420845747e-04
4.492204170674085617e-04
3.535185824148356915e-04
-8.935632649809122086e-04
-2.835323102772235870e-04
2.421413810225203633e-04
-1.615951419807970524e-03
-2.966735919471830130e-04
7.356028654612600803e-04
6.067112553864717484e-04
-1.273382920771837234e-03
2.500634946045465767e-05
-3.350453334860503674e-04
-3.844657621812075377e-04
-3.486534697003662586e-04
-5.957426037639379501e-04
9.165686788037419319e-04
-1.190190319903194904e-03
-2.285552909597754478e-04
6.785008590668439865e-04
-1.836749026551842690e-03
-1.312893982685636729e-05
1.517549571872223169e-05
-1.301629090448841453e-04
4.653714131563901901e-04
-7.882181671448051929e-04
1.037146546877920628e-03
-5.635698908008635044e-04
-6.991334958001971245e-04
-1.115818507969379425e-03
4.203465068712830544e-04
-1.200408369186334312e-04
1.155842437583487481e-05
4.851976700592786074e-04
-2.656210854183882475e-04
-2.981170837301760912e-04
-8.527587051503360271e-04
3.036986454389989376e-04
-1.539018237963318825e-03
2.729917468968778849e-04
6.603035144507884979e-04
-3.299944801256060600e-04
-8.925618603825569153e-04
3.408501797821372747e-04
-1.109752702177502215e-06
-8.611491066403687000e-04
-8.863094844855368137e-04
3.259652585256844759e-04
-1.298403803957626224e-04
-1.037118607200682163e-03
3.098255183431319892e-05
1.812624104786664248e-04
-6.515756831504404545e-04
4.715797840617597103e-04
-1.002014731056988239e-03
-2.799775975290685892e-04
7.708407356403768063e-04
-3.601520074880681932e-05
1.597683061845600605e-03
-3.677068161778151989e-04
-2.115212380886077881e-03
-1.399389118887484074e-03
2.616638957988470793e-04
-1.489824062446132302e-04
-1.351994811557233334e-03
8.630817756056785583e-04
7.076616166159510612e-04
4.980737576261162758e-04
-2.020832325797528028e-04
-1.053323940141126513e-04
-3.048688871785998344e-03
1.749927410855889320e-03
-2.146347658708691597e-03
1.419799518771469593e-03
-8.034364436753094196e-04
2.076109405606985092e-03
-2.519277157261967659e-03
8.022253750823438168e-04
-4.428683314472436905e-04
2.445412101224064827e-04
-7.747431664029136300e-05
-8.747103856876492500e-04
-2.015973732341080904e-04
-3.683306567836552858e-04
-1.062739102053456008e-06
7.000421173870563507e-04
-3.517307050060480833e-04
4.908366245217621326e-04
-1.752205193042755127e-03
-6.720905657857656479e-04
-1.138696447014808655e-03
5.343013326637446880e-04
-8.936238009482622147e-04
1.020186464302241802e-03
-4.002633068012073636e-05
-8.539001282770186663e-05
3.792848146986216307e-04
-3.913232940249145031e-04
-8.031470933929085732e-04
1.767138019204139709e-04
-1.759007107466459274e-03
1.187912494060583413e-04
1.736250414978712797e-04
6.078678998164832592e-04
-2.436152572045102715e-04
-5.675438442267477512e-04
-3.709983429871499538e-04
2.418973454041406512e-04
-1.208033878356218338e-03
9.748056763783097267e-04
-1.121860805142205209e-05
-5.419177468866109848e-04
-1.120533328503370285e-03
7.449148688465356827e-04
6.881091976538300514e-04
-2.020563697442412376e-04
-1.166667556390166283e-03
-1.149358286056667566e-04
-6.404751329682767391e-04
2.827366115525364876e-04
6.390032358467578888e-04
-1.328208483755588531e-03
1.485458051320165396e-04
-2.163274912163615227e-04
1.392306061461567879e-03
-5.737102474085986614e-04
-6.821419810876250267e-04
2.972171641886234283e-04
-1.078726956620812416e-03
-8.071357733570039272e-04
-2.861916727852076292e-04
3.401702269911766052e-04
-3.526761138346046209e-04
1.044501841533929110e-04
-7.371789542958140373e-04
2.047317393589764833e-04
2.374253745074383914e-05
-1.379878376610577106e-03
3.281658282503485680e-04
2.466847072355449200e-04
-6.087795482017099857e-04
2.779680071398615837e-04
-3.260766097810119390e-04
1.938520581461489201e-03
-6.647099507972598076e-04
-1.240480458363890648e-03
-1.084555638954043388e-03
6.441872683353722095e-04
-1.402246649377048016e-03
-5.645630881190299988e-05
1.384515489917248487e-04
1.019437477225437760e-04
1.324446871876716614e-03
1.146211143350228667e-04
-1.429568743333220482e-03
-3.120911715086549520e-04
-6.029278738424181938e-04
5.275279982015490532e-04
-1.106494339182972908e-03
1.150369178503751755e-03
-1.033315667882561684e-03
4.774806729983538389e-04
-1.079470384865999222e-03
1.212774892337620258e-03
-1.014184323139488697e-03
9.426752512808889151e-05
5.684047937393188477e-04
6.853850791230797768e-04
-2.153587993234395981e-03
-2.090688794851303101e-04
-3.156344464514404535e-04
-2.075682423310354352e-04
-3.021217125933617353e-04
2.610381343401968479e-04
5.391658851294778287e-05
-7.329579093493521214e-04
1.038172049447894096e-03
1.444730442017316818e-04
-6.777113885618746281e-04
-5.920506664551794529e-04
-7.301851874217391014e-04
-1.029722741805016994e-03
-2.046924055321142077e-04
1.860464923083782196e-03
-8.407980203628540039e-04
-1.147751114331185818e-03
4.668149340432137251e-04
-7.332268869504332542e-04
6.593376747332513332e-05
1.549115986563265324e-03
2.274208527524024248e-04
-2.342014340683817863e-03
6.975507858442142606e-06
-4.695944371633231640e-04
4.242999420966953039e-04
-4.053404263686388731e-04
8.735062438063323498e-04
-4.712319641839712858e-04
-3.426994662731885910e-04
-1.267981249839067459e-03
-6.763128913007676601e-04
-3.522662736941128969e-04
1.100069028325378895e-03
-1.019240735331550241e-04
-6.755543290637433529e-04
-2.708249667193740606e-04
-3.810042107943445444e-04
2.849054872058331966e-04
-2.790059952531009912e-04
-4.116256895940750837e-04
-1.195520511828362942e-03
9.914006805047392845e-04
2.661986800376325846e-04
3.394038358237594366e-04
-9.814778604777529836e-05
3.062147879973053932e-05
-1.704861060716211796e-03
-4.705507017206400633e-04
1.282709650695323944e-03
6.907859642524272203e-05
-4.033633013023063540e-05
-8.377587655559182167e-04
-2.398223587078973651e-04
9.964673081412911415e-04
-1.174640026874840260e-03
-1.499628415331244469e-04
-1.435722369933500886e-04
-9.670429863035678864e-04
-2.097975084325298667e-04
-2.487284655217081308e-04
1.233488437719643116e-04
4.730488290078938007e-04
-3.304980054963380098e-04
-2.031804469879716635e-04
-6.343558197841048241e-04
-2.763735246844589710e-04
-2.014301571762189269e-04
-7.734864484518766403e-04
5.359268398024141788e-04
-4.087343404535204172e-05
-8.430416346527636051e-04
1.340645976597443223e-04
-3.898700524587184191e-04
6.419318378902971745e-04
4.275314131518825889e-05
-7.367895159404724836e-05
-6.962882471270859241e-04
5.687582306563854218e-04
5.018600495532155037e-04
-3.578010946512222290e-04
-1.111176796257495880e-03
-6.150637054815888405e-04
-2.051979827228933573e-04
-7.941782823763787746e-04
5.849477602168917656e-04
-3.182357759214937687e-04
-1.078981440514326096e-03
-4.586724680848419666e-04
1.156690181232988834e-03
-7.922827353468164802e-05
2.681011683307588100e-04
-1.034655026160180569e-03
-1.000184784061275423e-04
6.235265755094587803e-05
2.598290448077023029e-04
-5.449879681691527367e-04
-9.644807141739875078e-05
2.668383967829868197e-05
-2.558511914685368538e-04
-1.910307095386087894e-03
3.382750728633254766e-04
-3.315775393275544047e-05
5.199587321840226650e-04
-1.384869829053059220e-04
4.593899357132613659e-04
-4.990622619516216218e-05
-6.246763223316520452e-05
1.449224364478141069e-04
1.543496618978679180e-04
-8.579897985327988863e-05
-9.231687290593981743e-04
4.145050843362696469e-05
-1.423906767740845680e-03
4.211351915728300810e-04
6.268219440244138241e-04
5.544500309042632580e-04
-1.379262772388756275e-03
-6.137213786132633686e-04
-8.599304128438234329e-04
9.517351281829178333e-04
2.216289431089535356e-04
-1.626344164833426476e-04
-5.756699247285723686e-04
-4.916448378935456276e-04
-3.628794220276176929e-04
3.566782106645405293e-04
-3.604376397561281919e-04
-7.590501918457448483e-04
6.347682792693376541e-04
-4.295586259104311466e-04
9.511937969364225864e-04
-5.686015356332063675e-04
1.374966232106089592e-03
-1.078248023986816406e-03
-7.721676956862211227e-04
-6.131930276751518250e-04
-1.168436647276394069e-04
-7.694121450185775757e-04
5.037459777668118477e-04
-1.634877116885036230e-04
9.301916579715907574e-04
-1.300051342695951462e-03
7.777615683153271675e-04
-1.589037477970123291e-03
1.627969555556774139e-03
-1.776963588781654835e-03
-1.556123752379789948e-04
-1.195705117424950004e-04
2.109840716002508998e-04
-6.192266591824591160e-04
6.308672018349170685e-04
-8.711979025974869728e-04
6.102309635025449097e-05
-4.331343225203454494e-04
-6.845110328868031502e-04
-1.825013547204434872e-03
1.617082394659519196e-03
1.420170010533183813e-04
7.837385783204808831e-05
-1.875802699942141771e-04
1.819643221097066998e-04
-6.619619089178740978e-04
7.975861662998795509e-04
-3.334292268846184015e-04
1.402368070557713509e-04
-4.909473937004804611e-04
5.882181576453149319e-04
-1.427148585207760334e-03
1.771689712768420577e-04
2.246025360364001244e-06
1.240827259607613087e-03
-1.076110056601464748e-03
2.685404324438422918e-04
-1.887596445158123970e-03
5.995369283482432365e-04
-1.066938624717295170e-03
7.308917120099067688e-04
1.936219923663884401e-04
-3.663517127279192209e-04
3.258377546444535255e-04
3.455995174590498209e-04
-7.356245187111198902e-04
-8.429976296611130238e-04
-6.637785700149834156e-04
-8.428142609773203731e-05
-4.886919123237021267e-05
-6.260757218115031719e-04
3.794372605625540018e-04
2.345500688534229994e-04
7.050982094369828701e-05
-1.012090942822396755e-03
-2.104042214341461658e-04
5.804348038509488106e-04
-3.333143249619752169e-04
1.022396609187126160e-04
-4.954426003678236157e-06
-3.396041865926235914e-04
6.141701596789062023e-04
2.710121334530413151e-04
-1.196031691506505013e-03
4.532116508926264942e-05
-6.820857524871826172e-04
5.674055428244173527e-04
-7.290779612958431244e-04
5.657314250129275024e-05
1.592803891981020570e-05
8.368508133571594954e-05
-6.069419905543327332e-04
6.114505813457071781e-04
-1.354508916847407818e-03
6.145070074126124382e-04
-9.243602980859577656e-04
1.086569274775683880e-03
-1.476992503739893436e-03
6.689119618386030197e-04
-1.556322444230318069e-03
1.921198912896215916e-03
-8.842013194225728512e-04
8.136770920827984810e-04
2.058761492662597448e-05
-4.123393446207046509e-04
-1.932368380948901176e-03
1.526968408143147826e-04
-6.048877257853746414e-04
4.783015756402164698e-04
-8.381297811865806580e-04
7.012735295575112104e-06
2.770021674223244190e-04
1.962111127795651555e-04
7.143072434701025486e-05
1.154489000327885151e-04
-1.536668860353529453e-03
3.069052472710609436e-04
-8.905231952667236328e-04
-7.084349363140063360e-06
-5.796091136289760470e-05
7.525644032284617424e-04
-6.319680251181125641e-04
-8.899845997802913189e-04
-9.072531829588115215e-04
6.251168670132756233e-04
-7.363900076597929001e-04
-1.458040787838399410e-04
-3.220281796529889107e-04
1.364031573757529259e-03
-1.409605465596541762e-04
1.034284476190805435e-03
-1.315743546001613140e-03
8.144421735778450966e-04
-6.876848055981099606e-04
6.811211278545670211e-06
-2.875087666325271130e-04
-2.467644226271659136e-04
9.331695619039237499e-04
-6.132348789833486080e-04
3.858953423332422972e-04
-9.730889578349888325e-04
-1.333061489276587963e-03
1.678890985203906894e-04
4.084033425897359848e-04
-7.246106179081834853e-06
3.225459659006446600e-04
-6.120521575212478638e-04
1.452703581890091300e-04
1.276059658266603947e-03
7.328561332542449236e-05
-1.581801916472613811e-03
-4.018880135845392942e-04
-7.299759454326704144e-05
1.087716736947186291e-04
-1.752301468513906002e-04
6.578497705049812794e-04
1.006776146823540330e-04
-8.884170674718916416e-04
-2.549207129050046206e-04
-1.892046711873263121e-04
-1.174754288513213396e-04
-1.242003287188708782e-03
-7.406226359307765961e-05
-2.152864763047546148e-04
7.141205715015530586e-04
-3.728538576979190111e-04
1.486533670686185360e-03
-6.698694196529686451e-04
-6.229975260794162750e-04
-9.780485415831208229e-04
-8.193574030883610249e-04
-3.784090513363480568e-04
1.105917384847998619e-03
-7.327277562581002712e-04
5.792098818346858025e-04
1.570972017361782491e-05
-8.227833895944058895e-04
-3.394208615645766258e-04
-6.081139435991644859e-04
4.586455179378390312e-04
1.411772682331502438e-04
-1.243413309566676617e-03
-4.473981680348515511e-04
9.889312786981463432e-04
-8.869727607816457748e-04
3.551700792741030455e-04
-5.482458509504795074e-04
5.195963967707939446e-05
-8.814486500341445208e-05
-1.267198513232870027e-05
-4.451677377801388502e-04
-5.684907082468271255e-04
-3.994487051386386156e-04
1.071511884219944477e-03
-1.596978865563869476e-03
7.528635323978960514e-04
-9.188239346258342266e-04
-1.790495734894648194e-04
-2.972138754557818174e-04
1.961241796379908919e-04
-3.985417424701154232e-04
4.553109465632587671e-05
2.011605247389525175e-04
-2.085402520606294274e-04
5.923119169892743230e-05
-3.617148613557219505e-04
2.443835255689918995e-04
5.869764136150479317e-04
-3.250029985792934895e-04
-2.159544092137366533e-04
-6.610564305447041988e-04
1.205461012432351708e-04
-1.363974297419190407e-03
5.565141909755766392e-04
-2.263111091451719403e-04
-2.060863043880090117e-04
7.351509993895888329e-04
-1.142211724072694778e-03
-2.194465050706639886e-04
5.167383933439850807e-04
-9.160589979728683829e-05
8.870204328559339046e-04
-1.236560638062655926e-03
-1.281596836633980274e-03
3.613120061345398426e-04
1.846836821641772985e-04
-6.130003021098673344e-04
-9.332496556453406811e-04
3.765336878132075071e-04
-4.181420081295073032e-04
1.139157451689243317e-03
-1.101908041164278984e-03
8.711007540114223957e-04
9.482500900048762560e-07
-2.210028178524225950e-04
-9.611860732547938824e-04
-8.036246435949578881e-05
3.369872283656150103e-04
-9.095015702769160271e-04
5.409882869571447372e-04
-1.186202513054013252e-03
1.755716803018003702e-04
-1.504315732745453715e-04
-1.846055238274857402e-04
4.088681307621300220e-04
-6.231547449715435505e-04
-1.082443748600780964e-03
-2.239206514786928892e-04
1.250120229087769985e-03
-1.014962763292714953e-04
-8.302801143145188689e-05
-2.945485757663846016e-04
7.759607251500710845e-05
-1.299560768529772758e-03
7.608154555782675743e-04
-8.302020723931491375e-04
7.415859145112335682e-04
6.178527837619185448e-04
-1.135188504122197628e-04
-9.244102402590215206e-04
-3.199003695044666529e-04
2.323992521269246936e-04
-5.267795058898627758e-04
-8.196394192054867744e-04
1.567252911627292633e-04
-9.735435742186382413e-05
7.951557563501410186e-06
-1.419845939381048083e-04
-6.528931553475558758e-04
-1.006693579256534576e-03
-7.685402524657547474e-04
5.480332220031414181e-06
3.919324663002043962e-04
-5.492395139299333096e-04
5.212714313529431820e-04
-6.564610521309077740e-04
-6.369966431520879269e-04
8.624222828075289726e-04
4.769900406245142221e-04
-3.693769976962357759e-04
-8.182378369383513927e-04
4.143522528465837240e-04
-7.544211694039404392e-04
4.508821293711662292e-04
4.471928332350216806e-05
7.949380960781127214e-05
2.835209306795150042e-04
-1.041456824168562889e-03
6.477236747741699219e-04
-1.063983945641666651e-04
1.666466705501079559e-04
-1.120539382100105286e-03
-6.041639135219156742e-04
-1.529670844320207834e-04
-3.155414597131311893e-04
2.763600205071270466e-04
4.077758057974278927e-04
-1.934183528646826744e-04
6.119269528426229954e-04
-4.039248160552233458e-04
-8.506550511810928583e-05
-1.276878057979047298e-03
1.638606045162305236e-04
5.715662846341729164e-04
4.241364149493165314e-05
-8.096906240098178387e-04
1.499313657404854894e-04
-6.651976145803928375e-04
-1.029242557706311345e-04
-4.628179303836077452e-04
-7.873168215155601501e-05
-7.370181265287101269e-05
-5.773105658590793610e-04
8.997764089144766331e-04
4.494256863836199045e-04
4.281034925952553749e-04
-1.502902712672948837e-03
7.161530083976686001e-04
-2.549183263909071684e-04
-2.233661216450855136e-04
1.157387159764766693e-04
-3.075171553064137697e-04
-7.459418848156929016e-04
1.856850576587021351e-04
3.337319649290293455e-04
1.608867751201614738e-05
-3.544949868228286505e-04
4.574035992845892906e-04
-8.880737586878240108e-04
1.269886852242052555e-04
7.436576415784657001e-04
-1.821051846491172910e-04
1.940557995112612844e-04
4.185795842204242945e-04
-8.422080427408218384e-04
-9.798043174669146538e-05
-2.535030944272875786e-04
-1.186857116408646107e-03
-2.279282925883308053e-04
-2.700027835089713335e-04
7.356384303420782089e-04
6.959881284274160862e-04
-1.906083081848919392e-03
6.076119607314467430e-04
-2.412445319350808859e-04
-2.287006645929068327e-04
-7.362569449469447136e-04
-2.082244900520890951e-04
-2.854125050362199545e-04
-1.173784956336021423e-03
-1.534459734102711082e-04
1.016367343254387379e-03
7.822418119758367538e-04
-5.729968543164432049e-04
2.278882748214527965e-04
-1.517693977802991867e-03
6.747157895006239414e-04
-6.610656855627894402e-04
-1.124836155213415623e-03
1.233615912497043610e-04
5.579633871093392372e-04
6.366943125613033772e-04
3.771868068724870682e-04
-1.353871994069777429e-05
-5.959271220490336418e-05
5.523275467567145824e-04
-1.327483798377215862e-03
1.481058425270020962e-04
1.006232341751456261e-04
6.462945020757615566e-04
-4.830024263355880976e-04
-1.321246963925659657e-03
5.334496381692588329e-04
-1.289761567022651434e-04
-1.058165798895061016e-03
4.919152706861495972e-04
-1.242078375071287155e-03
-9.526399080641567707e-04
-2.900540421251207590e-04
4.071859002579003572e-04
1.059404108673334122e-03
-5.702687485609203577e-05
6.654633907601237297e-04
-7.210549665614962578e-04
-2.526046882849186659e-04
9.435929241590201855e-04
-3.864608297590166330e-04
-3.568755055312067270e-04
2.035457328020129353e-05
5.592018715105950832e-04
-4.298004205338656902e-04
1.366957149002701044e-04
-7.437868625856935978e-04
-1.042832038365304470e-03
-5.579924909397959709e-04
-4.477854527067393064e-04
8.198260911740362644e-04
-1.068696365109644830e-04
6.416821270249783993e-04
7.463081419700756669e-05
-4.431597189977765083e-04
-1.392311649397015572e-03
-4.195499059278517962e-04
1.310747466050088406e-04
-4.045203095301985741e-04
-2.000844106078147888e-04
1.751300442265346646e-04
6.464899051934480667e-04
1.133785553975030780e-04
-5.271699046716094017e-05
-1.974205661099404097e-04
-4.084265674464404583e-04
-2.107307373080402613e-04
-5.307396058924496174e-04
-4.604835994541645050e-04
9.042270248755812645e-04
-1.628054189495742321e-03
5.679941386915743351e-04
-7.161414396250620484e-05
7.298046839423477650e-04
-2.962361322715878487e-04
-5.560793797485530376e-04
-5.447036237455904484e-04
-1.150463685917202383e-05
-3.369931655470281839e-04
-9.733586339280009270e-04
3.686620621010661125e-04
3.719411906786262989e-04
2.158726601919624954e-05
-1.303373603150248528e-03
-6.821705028414726257e-05
-2.125886203430127352e-05
-6.637860205955803394e-04
8.511333726346492767e-05
1.628599857212975621e-04
-6.555417203344404697e-04
1.493991119787096977e-03
-1.700516557320952415e-03
5.821070517413318157e-04
-2.373254974372684956e-04
4.981493693776428699e-04
-2.709769760258495808e-04
5.091249477118253708e-04
3.567907260730862617e-04
-1.331262901658192277e-04
-1.186529872938990593e-03
1.264097809325903654e-04
5.639869414153508842e-05
-4.442506469786167145e-04
-8.280647307401522994e-05
-9.794374927878379822e-04
-7.549774600192904472e-04
3.401152498554438353e-04
-3.466561611276119947e-04
6.502889445982873440e-04
-2.288391442561987787e-05
5.867081345058977604e-04
-3.027877828571945429e-04
-9.002240258269011974e-04
-2.433851914247497916e-04
2.942311402875930071e-04
-1.923952484503388405e-03
1.963152608368545771e-04
-1.231733185704797506e-04
4.963589017279446125e-04
-5.219500744715332985e-04
1.199231366626918316e-03
-1.513323164544999599e-03
-1.377558801323175430e-04
-5.640701274387538433e-04
-4.484084201976656914e-04
6.476201087934896350e-05
6.033410318195819855e-04
6.232353043742477894e-04
-3.355389344505965710e-04
-8.434118353761732578e-04
-3.844707389362156391e-04
-9.383398573845624924e-04
9.731266181915998459e-04
-2.280954358866438270e-04
-1.082413713447749615e-03
-4.046991234645247459e-04
-4.304619797039777040e-04
1.009365078061819077e-03
4.639584803953766823e-04
-2.814390754792839289e-04
-8.557761320844292641e-04
-7.283180020749568939e-04
-2.626831119414418936e-04
-1.693039375822991133e-04
2.027977898251265287e-04
-8.341368811670690775e-05
1.569543528603389859e-04
-1.199593767523765564e-03
1.182703766971826553e-03
2.711866691242903471e-04
-3.741825057659298182e-04
9.008542838273569942e-05
-4.862338537350296974e-04
2.322338987141847610e-04
-4.559746594168245792e-04
-5.241052713245153427e-04
4.565515846479684114e-04
-1.724634552374482155e-03
7.547021959908306599e-04
1.180441722681280226e-05
-1.211577764479443431e-04
-1.236918498761951923e-03
-3.337737871333956718e-05
-1.027892576530575752e-03
9.614407317712903023e-04
-6.011725417920388281e-05
9.657557820901274681e-04
-4.117736534681171179e-04
-4.191217012703418732e-04
-4.133137408643960953e-04
-3.510930691845715046e-04
-9.580674814060330391e-04
1.390330959111452103e-03
-1.119102817028760910e-04
9.589611436240375042e-04
-5.330286221578717232e-04
-8.506457088515162468e-04
1.794385170796886086e-04
-3.361766575835645199e-04
-6.496942369267344475e-04
9.635034948587417603e-04
-8.831287850625813007e-04
-5.260008620098233223e-04
1.771408715285360813e-04
-1.195547738461755216e-04
2.948162145912647247e-04
1.707838819129392505e-04
-3.699076478369534016e-04
-1.515927375294268131e-03
-4.684118903242051601e-04
-3.806376771535724401e-04
7.170839235186576843e-04
6.168260733829811215e-05
1.283054472878575325e-03
1.441781350877135992e-04
-1.319994335062801838e-03
-4.299309221096336842e-04
8.767255349084734917e-04
-6.309344898909330368e-04
-8.062958368100225925e-04
-8.495468646287918091e-04
-6.771555490558966994e-05
1.084177274606190622e-04
5.645625060424208641e-04
2.910451148636639118e-04
-1.039858616422861814e-04
-1.986389834200963378e-04
-1.628856844035908580e-04
-2.762960502877831459e-04
4.626647860277444124e-04
-6.347444141283631325e-04
1.473516604164615273e-04
-3.828965709544718266e-04
-7.893735164543613791e-05
8.525989251211285591e-04
-4.828361561521887779e-04
-1.556208590045571327e-03
-6.559167377417907119e-05
3.356808738317340612e-04
2.648080699145793915e-04
-8.586197509430348873e-04
3.518899320624768734e-04
-1.108393844333477318e-04
-2.602686581667512655e-04
-3.493226831778883934e-04
-1.813776179915294051e-04
-4.389224923215806484e-04
-4.320288135204464197e-04
1.049370388500392437e-03
-3.218267520423978567e-04
3.618716436903923750e-05
3.637257032096385956e-04
-1.527250627987086773e-03
4.014736623503267765e-04
-1.450286828912794590e-03
-1.479633501730859280e-04
5.721288471249863505e-05
3.194278688170015812e-04
4.912653239443898201e-04
2.474145439919084311e-04
2.670267713256180286e-04
2.107512991642579436e-04
8.006789721548557281e-05
-7.442488567903637886e-04
-2.137726638466119766e-03
9.904069593176245689e-04
-1.341150375083088875e-03
1.228494948009029031e-04
-4.551049787551164627e-04
1.125104725360870361e-03
-3.765963192563503981e-04
-2.442920522298663855e-04
-9.038033313117921352e-04
-3.523750056046992540e-04
1.133418409153819084e-04
-2.860386157408356667e-04
3.255805640947073698e-04
-6.432264926843345165e-04
-1.883083459688350558e-04
1.406043418683111668e-03
-8.169865468516945839e-04
1.144498586654663086e-03
-2.459746610838919878e-04
-3.469712974037975073e-04
-6.454353570006787777e-04
1.207156674354337156e-04
4.148781881667673588e-04
1.279676333069801331e-03
-8.859839290380477905e-04
3.706163261085748672e-04
9.921897799358703196e-06
-1.116118044592440128e-03
-8.597046835348010063e-04
1.052107312716543674e-03
-1.440383261069655418e-03
-7.105110125849023461e-05
-9.306158608524128795e-05
3.745566937141120434e-04
-3.477801801636815071e-04
-6.173560395836830139e-04
-1.837873860495164990e-04
-4.047835773235419765e-06
-7.786340429447591305e-04
7.684736192459240556e-05
2.389963774476200342e-04
8.307516691274940968e-04
1.316185225732624531e-04
-1.119809821830131114e-04
-2.138429408660158515e-04
2.149778310922556557e-06
-2.349087299080565572e-04
-2.013558405451476574e-04
-2.182711614295840263e-04
-4.590587923303246498e-04
3.870283544529229403e-04
-9.302543476223945618e-04
9.601897327229380608e-04
-4.416895972099155188e-04
-1.928009296534582973e-04
-9.265400585718452930e-04
-1.011097338050603867e-03
7.932663429528474808e-04
5.143951857462525368e-04
-7.440996123477816582e-04
-9.608188411220908165e-04
1.200181548483669758e-03
1.528857974335551262e-04
2.405573759460821748e-04
-1.125541239161975682e-04
5.997950211167335510e-05
9.041689190780743957e-05
2.383197279414162040e-04
-8.811721345409750938e-04
7.521586958318948746e-04
-5.895517533645033836e-04
5.426455754786729813e-04
-1.263418467715382576e-03
-3.219538775738328695e-04
3.675980042316950858e-05
-6.063216133043169975e-04
-5.624604527838528156e-04
3.877393610309809446e-04
-8.488504099659621716e-04
-2.380409132456406951e-04
4.531970771495252848e-04
1.553984126076102257e-03
-6.081667961552739143e-04
-1.099133049137890339e-03
2.519370464142411947e-04
3.852993249893188477e-04
-8.357567712664604187e-04
9.718416549731045961e-05
-1.055693486705422401e-03
3.356646921020001173e-04
-5.132274818606674671e-04
7.140978123061358929e-04
-2.566105686128139496e-04
-6.872325902804732323e-04
-5.261208279989659786e-04
-2.105835847032722086e-05
-9.602906648069620132e-04
5.561425350606441498e-04
-9.324676357209682465e-04
9.340026299469172955e-04
-4.247425822541117668e-04
1.021904899971559644e-04
-1.098210341297090054e-03
-2.419452357571572065e-05
1.179629762191325426e-04
3.668476711027324200e-04
-8.419285295531153679e-04
-2.968921326100826263e-04
3.941715112887322903e-04
6.067695794627070427e-04
-7.927422120701521635e-05
8.696735021658241749e-04
-9.347483282908797264e-04
8.097183308564126492e-04
-4.956459742970764637e-04
-4.712941881734877825e-04
5.548367626033723354e-04
9.239324135705828667e-04
-3.651843289844691753e-04
-7.857908494770526886e-04
-6.786428275518119335e-04
7.182521512731909752e-04
-3.054662374779582024e-04
-6.440623837988823652e-05
-5.383093375712633133e-04
-1.552416244521737099e-03
-2.116683208441827446e-05
9.725128184072673321e-04
2.587084309197962284e-04
2.644289634190499783e-04
-1.719187130220234394e-04
2.859701926354318857e-04
-5.182028980925679207e-04
-1.481725921621546149e-04
-1.564161153510212898e-03
1.648106263019144535e-04
-8.909152529668062925e-05
7.118179928511381149e-04
-6.069261580705642700e-04
-1.874223089544102550e-04
-4.785116761922836304e-04
-1.147019793279469013e-03
3.592797438614070415e-04
3.423804591875523329e-04
-8.000394882401451468e-05
4.695700044976547360e-05
-4.510440048761665821e-04
1.421447814209386706e-04
8.157250704243779182e-05
5.626248312182724476e-04
3.336842637509107590e-04
-8.431492606177926064e-04
-4.062176740262657404e-04
-3.361773269716650248e-04
-3.729753370862454176e-05
2.090937632601708174e-04
2.147629274986684322e-04
-1.830747933126986027e-04
-4.661189450416713953e-04
-1.060908660292625427e-03
-5.119946436025202274e-04
3.009416977874934673e-04
-6.927248905412852764e-04
1.099235378205776215e-03
-1.369854086078703403e-03
-3.844697785098105669e-04
-6.172822322696447372e-04
1.083224124158732593e-04
9.445996256545186043e-04
-5.946027813479304314e-04
-4.792262625414878130e-04
-2.568378986325114965e-04
8.275235450128093362e-05
2.595623082015663385e-04
3.035590052604675293e-04
5.217446014285087585e-04
-1.126019516959786415e-03
-6.586731178686022758e-04
-3.034612163901329041e-04
8.138119010254740715e-04
-2.392924216110259295e-04
-5.430862656794488430e-04
-3.429460048209875822e-04
3.068995429202914238e-04
1.173831755295395851e-03
3.434875907259993255e-06
6.909578951308503747e-05
-9.166984818875789642e-04
-1.130040385760366917e-03
-8.933289791457355022e-04
9.192345896735787392e-04
-1.020369236357510090e-04
-4.652669886127114296e-04
1.702672307146713138e-04
-2.386448613833636045e-04
-5.803644889965653419e-04
4.869588883593678474e-04
-1.335680019110441208e-03
-1.901800569612532854e-04
-9.635117021389305592e-04
6.600395427085459232e-04
7.070770516293123364e-05
1.287129125557839870e-03
-1.262093777768313885e-03
1.002248842269182205e-03
-2.059560792986303568e-04
-4.682138969656080008e-04
-7.407829398289322853e-04
9.272155584767460823e-04
-4.682917206082493067e-04
-4.082211817149072886e-04
-5.101008573547005653e-04
7.522656815126538277e-04
8.647429058328270912e-05
-1.170173170976340771e-03
6.636644247919321060e-04
-6.634278106503188610e-04
2.147128980141133070e-04
-2.594582911115139723e-04
1.849774562288075686e-04
9.065308404387906194e-05
-2.107188483932986856e-04
-3.383278381079435349e-04
3.897565184161067009e-04
-1.415363512933254242e-04
-8.323657675646245480e-04
-8.649223600514233112e-04
1.612286268937168643e-06
9.868690540315583348e-05
7.092462619766592979e-04
-1.370733254589140415e-03
1.740011502988636494e-04
2.566894108895212412e-04
-7.520668441429734230e-05
-1.191339804790914059e-03
-1.075226231478154659e-03
6.279664230532944202e-04
-3.574943548301234841e-05
-1.144141773693263531e-03
9.191712015308439732e-04
-4.740038129966706038e-04
4.583268309943377972e-04
2.637623692862689495e-04
-6.568662229256005958e-06
-6.076699355617165565e-04
6.166864768601953983e-04
-5.130909848958253860e-04
-1.278268318856135011e-04
2.389377041254192591e-04
1.637591863982379436e-03
3.104617280769161880e-05
-1.171808457002043724e-03
-9.109561215154826641e-04
-1.155871650553308427e-04
-6.647807895205914974e-04
-2.196794084738940001e-04
-4.778173024533316493e-05
6.664400571025907993e-04
-5.831373855471611023e-04
5.976675893180072308e-04
7.782785105518996716e-04
-3.046652127522975206e-04
-4.574623308144509792e-04
-6.528897793032228947e-04
4.902541986666619778e-04
-7.697779801674187183e-04
-1.090708683477714658e-04
-2.990518623846583068e-05
-2.510231279302388430e-04
-6.125170621089637280e-04
4.684319719672203064e-04
-7.872657151892781258e-04
-1.820930629037320614e-04
1.539897202746942639e-04
-6.867975462228059769e-04
-3.276948409620672464e-04
-5.707786767743527889e-04
1.496866170782595873e-04
1.084515708498656750e-03
-1.468462403863668442e-03
2.099944504152517766e-05
7.191448821686208248e-05
-1.569848100189119577e-04
-1.354946580249816179e-04
1.447865739464759827e-03
8.435919153271242976e-05
-5.925940349698066711e-04
1.604427670827135444e-04
-2.536196261644363403e-04
1.898827031254768372e-04
6.000912399031221867e-04
-7.211082265712320805e-04
-7.193986093625426292e-04
-1.239683362655341625e-03
1.313996617682278156e-03
-3.572762361727654934e-04
6.296618958003818989e-04
-1.089388271793723106e-03
1.499752397648990154e-04
-9.179196204058825970e-04
-5.910157924517989159e-04
1.035294611938297749e-03
1.347576471744105220e-04
1.559970260132104158e-04
-4.828324308618903160e-04
3.424842143431305885e-04
5.517632962437346578e-05
5.774443270638585091e-04
1.532697206130251288e-04
-1.295993104577064514e-03
-7.015586597844958305e-04
-4.853870777878910303e-04
7.601834367960691452e-04
-5.366113618947565556e-04
1.414435246260836720e-04
3.173665027134120464e-04
-4.538418434094637632e-04
-9.386882884427905083e-04
-2.358090277994051576e-04
-6.279652006924152374e-05
-8.244378259405493736e-04
-9.201102657243609428e-04
-1.797044096747413278e-04
1.261828816495835781e-03
-6.204604687809478492e-06
1.381174952257424593e-04
-2.302179782418534160e-04
-1.840797194745391607e-04
-5.349228158593177795e-04
1.262346486328169703e-04
-6.712748436257243156e-04
-7.793423719704151154e-04
2.969498455058783293e-04
-6.932874093763530254e-04
4.782218311447650194e-04
3.037952410522848368e-04
-1.916263863677158952e-04
-4.579606757033616304e-04
-1.269539701752364635e-03
-8.333560253959149122e-05
8.408997673541307449e-04
-7.876450545154511929e-04
-2.974897506646811962e-04
5.742585635744035244e-04
-1.008204068057239056e-03
1.275251735933125019e-03
-1.408253330737352371e-03
1.652067294344305992e-04
4.694929521065205336e-05
-2.951821370515972376e-04
5.731973942602053285e-05
1.448970433557406068e-04
5.302544450387358665e-04
-2.636406861711293459e-04
-5.175925907678902149e-04
-8.000943926163017750e-04
-5.245218053460121155e-04
-1.963787217391654849e-04
-1.558629330247640610e-03
7.722736336290836334e-04
6.421603611670434475e-04
1.020911964587867260e-03
-7.172516779974102974e-04
2.402115205768495798e-04
-7.644284050911664963e-04
3.766693407669663429e-04
-1.197554753161966801e-03
-1.136680366471409798e-03
2.994150272570550442e-04
-4.392036062199622393e-04
-5.030591273680329323e-04
1.163549677585251629e-04
6.252807797864079475e-04
-4.609336319845169783e-04
-1.463471126044169068e-04
-5.248094676062464714e-04
6.130283582024276257e-04
6.709547596983611584e-04
1.194876094814389944e-04
-2.128194464603438973e-04
6.572642596438527107e-04
-6.432502996176481247e-04
4.178302187938243151e-04
3.720033855643123388e-04
-3.885888436343520880e-04
-1.079722540453076363e-03
9.211833094013854861e-05
-1.062761759385466576e-03
1.721053966321051121e-03
-2.790231665130704641e-04
-4.782374890055507421e-04
-1.208800822496414185e-04
-4.550152225419878960e-04
-2.940123158623464406e-05
-9.514485282124951482e-05
-5.450412281788885593e-04
-8.548761252313852310e-05
-1.897052978165447712e-03
1.300052244914695621e-04
1.410761033184826374e-03
-2.774672757368534803e-04
-2.265690563945099711e-04
-6.775873480364680290e-04
-9.527435759082436562e-04
2.227008226327598095e-04
5.930376573815010488e-05
4.463050572667270899e-04
-3.214536700397729874e-04
-2.273351419717073441e-04
7.312929374165832996e-04
-2.009768068091943860e-04
-5.377167835831642151e-04
1.652298524277284741e-04
-3.560511104296892881e-04
5.765889654867351055e-04
-3.301971009932458401e-04
-1.655226369621232152e-04
3.445903130341321230e-04
-5.107593824504874647e-05
-2.816941123455762863e-04
-1.236006268300116062e-03
-2.128273627022281289e-05
-3.899145172908902168e-03
-1.004509441554546356e-02
-1.537007745355367661e-02
-2.079544216394424438e-02
