-6.544978342720112474e-01
1.397856297613178367e-01
-1.161549639725023564e+00
-1.372576980722807427e+00
4.306476513733352440e-02
1.036651829001904002e+00
1.427165650529541863e-01
-3.020861715356302005e-02
6.087352764230637980e-01
9.340690937946468653e-01
-9.798316516436005319e-01
-1.146894963266845036e+00
7.083870763386813652e-01
1.326814422873856758e+00
-3.145093404422463768e-01
-5.196748108567604829e-01
3.332273590092895699e-01
-1.093438700277354070e-01
-1.636361156970039366e+00
-1.727220151010753879e+00
-1.562388346939109496e-01
-4.486329361174794944e-02
-1.571880580554051887e+00
-2.498056132710995136e+00
-3.313955244520250948e-02
6.175280822979729578e-01
-1.187928057349747712e+00
-1.580673386428954608e+00
2.247827532187598176e-01
1.552496440329825367e+00
3.478820354674651560e-01
2.159899473438538775e-01
1.256471975874593472e+00
1.224231687666602841e+00
-6.193266107723779390e-01
-7.981136635621710607e-01
3.566748413423742603e-01
8.139007468375747401e-01
-1.155687769141750865e+00
-1.082414386850854449e+00
1.984043355940356967e-01
6.849395940055967857e-01
-7.629424400625409719e-01
-1.284648921973732039e+00
1.690949826776783349e-01
9.633784467110073635e-01
-1.349129498389719517e+00
-1.363784174847898267e+00
5.478850630387584880e-02
3.449511001758319151e-01
-1.044312228059584902e+00
-1.481021586513337152e+00
-8.992642372056524605e-04
1.036651829001904002e+00
-7.710358181973855918e-02
-1.562388346939109496e-01
4.152935471750920926e-01
-1.152057406110081339e-01
-1.548433098220963977e+00
-1.703772668677666191e+00
-6.761134820478375586e-03
1.320952552290587168e+00
2.423683649685779984e-01
3.508129707591015056e-01
8.666575820870230373e-01
6.321827587561515971e-01
-1.044312228059588010e+00
-1.360853239556261807e+00
-1.848487598702382162e-02
6.058043411314243398e-01
-1.275856116098823101e+00
-1.686187056927851202e+00
-7.365640224378168233e-01
4.621885118412645266e-01
-4.346776873993184465e-01
-4.845035873571334473e-01
8.256244880041202494e-01
1.455775575705837932e+00
-2.764071816509798829e-01
-1.152057406110081339e-01
5.940805999648820501e-01
4.475338353830858318e-01
-1.879628786175819855e+00
-1.806355403884923216e+00
-7.394949577294531728e-01
2.101280767605780142e-01
-1.407748204222440513e+00
-1.774115115676926369e+00
5.771944159551220532e-02
1.332676293457129679e+00
6.908014645888663763e-01
9.956187349190011027e-01
1.235955428833145353e+00
2.804705237598413281e-01
-1.779976986260199068e+00
-2.099448933048512433e+00
-5.958791284392964682e-01
4.592575765496281215e-01
-8.831107870196098775e-01
-1.434126621847158445e+00
-1.064129347360990574e-01
3.097798766761987177e-01
-1.469297845346791753e+00
-1.999797133132891869e+00
-5.431222931898481709e-01
8.783813232535653270e-01
-2.141581127865705911e-02
-3.313955244520250948e-02
9.487237702528256156e-01
8.637266467953866877e-01
-7.101856048130926746e-01
-4.581251697324093541e-01
4.475338353830858318e-01
3.449511001758319151e-01
-1.184997122058108365e+00
-8.479395635199830084e-01
3.420201648841955655e-01
1.191991399458609102e+00
-3.233021463171554255e-01
-2.324431522764407454e-01
6.468374352143303474e-01
1.168543917125521414e+00
-6.134647401891114571e-01
-7.512186988959954625e-01
-1.848487598702382162e-02
7.757985880463083017e-01
-8.596633046865284067e-01
-7.629424400625409719e-01
6.116662117146970390e-01
1.473361187455653143e+00
4.152935471750920926e-01
1.502670540372010421e+00
2.428846092528953893e+00
2.493326668944947588e+00
1.163381474282300654e-01
-1.108792804475575489e+00
3.596057766340106099e-01
5.002906706325340735e-01
-8.655251752697948886e-01
-1.407748204222440513e+00
-2.207194111098984002e-01
3.478820354674651560e-01
-1.223099280849377912e+00
-1.228961151432650611e+00
7.823598863696049066e-02
7.728676527546719521e-01
-4.053683344829610569e-01
-6.831077594482946880e-02
1.438189963956019835e+00
1.904208675326129585e+00
7.464892351299510231e-01
3.332273590092864612e-01
7.875223292128507024e-01
1.603021768027723670e-01
-1.706703603969299543e+00
-1.911869074383813594e+00
-3.936445933164187672e-01
6.204590175896061988e-01
-7.688043106458105624e-01
-9.827625869352337729e-01
3.889151295503679440e-01
1.165612981833885176e+00
-3.819208521498733133e-01
-6.955309283549171440e-01
5.061525412158067727e-01
1.417673416914571494e+00
5.185757101224260784e-02
1.661640473860388489e-01
1.479223058038922733e+00
1.959896445867211012e+00
-4.522632991491365995e-01
-7.922517929789014701e-01
7.464892351299510231e-01
1.816280616577054197e+00
-2.851999875258889872e-01
-5.020891991069453830e-01
5.090834765074431223e-01
1.057168376043355229e+00
-5.900172578560206604e-01
4.962606346063947078e-03
8.813122585452017876e-01
8.314863585873898399e-01
-1.053105033934496948e+00
-1.404817268930801166e+00
2.254821809588523907e-02
6.145971470063366082e-01
-8.098374047287133504e-01
-1.173273380891569184e+00
1.375541222097303139e-02
1.696112269619982182e+00
1.558358310913091849e+00
2.074202922241013436e+00
2.631080627651834813e+00
2.159200045698455472e+00
-8.655251752697979972e-01
-1.249477698474098952e+00
-6.831077594483259130e-02
4.914978647576281334e-01
-1.184997122058108365e+00
-1.779976986260199068e+00
-3.262330816087918306e-01
7.904532645044870520e-01
-9.124201399359734843e-01
-1.082414386850854449e+00
4.006388707169133978e-01
1.054237440751715882e+00
-7.248402812712745336e-01
-1.117585610350481318e+00
3.302964237176501117e-01
1.426466222789480653e+00
7.823598863696673567e-02
3.273654884260168707e-01
9.428618996695528054e-01
7.289036233801359232e-01
-2.910618581091585777e-01
-9.762012886118996702e-02
8.285554232957534904e-01
1.065961181918267497e+00
-2.353740875680770950e-01
-8.882732298628399914e-02
7.406273645466782130e-01
1.388364063998214215e+00
-3.672661756916946185e-01
-1.223099280849374804e+00
2.365064943853021628e-01
1.130441758334254976e+00
-9.468919356955360356e-02
3.566748413423742603e-01
7.963151350877597512e-01
6.878705292972331353e-01
-1.211375539682832514e+00
-1.630499286386769775e+00
-2.676143757760739428e-01
9.428618996695591337e-01
-1.972719287768137653e-01
-6.779453166051020441e-01
2.130590120522143915e-01
1.405949675748029204e+00
1.837496591358538933e-01
2.013352708856689377e-01
1.221300752374966603e+00
1.153889240667339555e+00
-1.226030216141011042e+00
-1.551364033512597329e+00
-1.269294817775535877e-01
1.016135281960452552e+00
-7.365640224378168233e-01
-1.319820145473362238e+00
4.152935471750920926e-01
1.259402911166236150e+00
-1.262300540374797567e-02
-6.310503519389265570e-01
1.632331120944056080e-01
7.787295233379478709e-01
-8.215611458952588597e-01
-6.955309283549140353e-01
2.452993002602112393e-01
1.397156869873123375e+00
-1.738244464437259940e-01
4.599570042896675842e-02
8.109698115459416101e-01
1.942310834117399132e+00
1.148027370084066856e+00
1.540772699163279968e+00
