1.950000000000000000e+03
1.950250000000000000e+03
1.950500000000000000e+03
1.950750000000000000e+03
1.951000000000000000e+03
1.951250000000000000e+03
1.951500000000000000e+03
1.951750000000000000e+03
1.952000000000000000e+03
1.952250000000000000e+03
1.952500000000000000e+03
1.952750000000000000e+03
1.953000000000000000e+03
1.953250000000000000e+03
1.953500000000000000e+03
1.953750000000000000e+03
1.954000000000000000e+03
1.954250000000000000e+03
1.954500000000000000e+03
1.954750000000000000e+03
1.955000000000000000e+03
1.955250000000000000e+03
1.955500000000000000e+03
1.955750000000000000e+03
1.956000000000000000e+03
1.956250000000000000e+03
1.956500000000000000e+03
1.956750000000000000e+03
1.957000000000000000e+03
1.957250000000000000e+03
1.957500000000000000e+03
1.957750000000000000e+03
1.958000000000000000e+03
1.958250000000000000e+03
1.958500000000000000e+03
1.958750000000000000e+03
1.959000000000000000e+03
1.959250000000000000e+03
1.959500000000000000e+03
1.959750000000000000e+03
1.960000000000000000e+03
1.960250000000000000e+03
1.960500000000000000e+03
1.960750000000000000e+03
1.961000000000000000e+03
1.961250000000000000e+03
1.961500000000000000e+03
1.961750000000000000e+03
1.962000000000000000e+03
1.962250000000000000e+03
1.962500000000000000e+03
1.962750000000000000e+03
1.963000000000000000e+03
1.963250000000000000e+03
1.963500000000000000e+03
1.963750000000000000e+03
1.964000000000000000e+03
1.964250000000000000e+03
1.964500000000000000e+03
1.964750000000000000e+03
1.965000000000000000e+03
1.965250000000000000e+03
1.965500000000000000e+03
1.965750000000000000e+03
1.966000000000000000e+03
1.966250000000000000e+03
1.966500000000000000e+03
1.966750000000000000e+03
1.967000000000000000e+03
1.967250000000000000e+03
1.967500000000000000e+03
1.967750000000000000e+03
1.968000000000000000e+03
1.968250000000000000e+03
1.968500000000000000e+03
1.968750000000000000e+03
1.969000000000000000e+03
1.969250000000000000e+03
1.969500000000000000e+03
1.969750000000000000e+03
1.970000000000000000e+03
1.970250000000000000e+03
1.970500000000000000e+03
1.970750000000000000e+03
1.971000000000000000e+03
1.971250000000000000e+03
1.971500000000000000e+03
1.971750000000000000e+03
1.972000000000000000e+03
1.972250000000000000e+03
1.972500000000000000e+03
1.972750000000000000e+03
1.973000000000000000e+03
1.973250000000000000e+03
1.973500000000000000e+03
1.973750000000000000e+03
1.974000000000000000e+03
1.974250000000000000e+03
1.974500000000000000e+03
1.974750000000000000e+03
1.975000000000000000e+03
1.975250000000000000e+03
1.975500000000000000e+03
1.975750000000000000e+03
1.976000000000000000e+03
1.976250000000000000e+03
1.976500000000000000e+03
1.976750000000000000e+03
1.977000000000000000e+03
1.977250000000000000e+03
1.977500000000000000e+03
1.977750000000000000e+03
1.978000000000000000e+03
1.978250000000000000e+03
1.978500000000000000e+03
1.978750000000000000e+03
1.979000000000000000e+03
1.979250000000000000e+03
1.979500000000000000e+03
1.979750000000000000e+03
1.980000000000000000e+03
1.980250000000000000e+03
1.980500000000000000e+03
1.980750000000000000e+03
1.981000000000000000e+03
1.981250000000000000e+03
1.981500000000000000e+03
1.981750000000000000e+03
1.982000000000000000e+03
1.982250000000000000e+03
1.982500000000000000e+03
1.982750000000000000e+03
1.983000000000000000e+03
1.983250000000000000e+03
1.983500000000000000e+03
1.983750000000000000e+03
1.984000000000000000e+03
1.984250000000000000e+03
1.984500000000000000e+03
1.984750000000000000e+03
1.985000000000000000e+03
1.985250000000000000e+03
1.985500000000000000e+03
1.985750000000000000e+03
1.986000000000000000e+03
1.986250000000000000e+03
1.986500000000000000e+03
1.986750000000000000e+03
1.987000000000000000e+03
1.987250000000000000e+03
1.987500000000000000e+03
1.987750000000000000e+03
1.988000000000000000e+03
1.988250000000000000e+03
1.988500000000000000e+03
1.988750000000000000e+03
1.989000000000000000e+03
1.989250000000000000e+03
1.989500000000000000e+03
1.989750000000000000e+03
1.990000000000000000e+03
1.990250000000000000e+03
1.990500000000000000e+03
1.990750000000000000e+03
1.991000000000000000e+03
1.991250000000000000e+03
1.991500000000000000e+03
1.991750000000000000e+03
1.992000000000000000e+03
1.992250000000000000e+03
1.992500000000000000e+03
1.992750000000000000e+03
1.993000000000000000e+03
1.993250000000000000e+03
1.993500000000000000e+03
1.993750000000000000e+03
1.994000000000000000e+03
1.994250000000000000e+03
1.994500000000000000e+03
1.994750000000000000e+03
1.995000000000000000e+03
1.995250000000000000e+03
1.995500000000000000e+03
1.995750000000000000e+03
1.996000000000000000e+03
1.996250000000000000e+03
1.996500000000000000e+03
1.996750000000000000e+03
1.997000000000000000e+03
1.997250000000000000e+03
1.997500000000000000e+03
1.997750000000000000e+03
1.998000000000000000e+03
1.998250000000000000e+03
1.998500000000000000e+03
1.998750000000000000e+03
1.999000000000000000e+03
1.999250000000000000e+03
1.999500000000000000e+03
1.999750000000000000e+03
2.000000000000000000e+03
2.000250000000000000e+03
2.000500000000000000e+03
2.000750000000000000e+03
2.001000000000000000e+03
2.001250000000000000e+03
2.001500000000000000e+03
2.001750000000000000e+03
2.002000000000000000e+03
2.002250000000000000e+03
2.002500000000000000e+03
2.002750000000000000e+03
2.003000000000000000e+03
2.003250000000000000e+03
2.003500000000000000e+03
2.003750000000000000e+03
2.004000000000000000e+03
2.004250000000000000e+03
2.004500000000000000e+03
2.004750000000000000e+03
2.005000000000000000e+03
2.005250000000000000e+03
2.005500000000000000e+03
2.005750000000000000e+03
2.006000000000000000e+03
2.006250000000000000e+03
2.006500000000000000e+03
2.006750000000000000e+03
2.007000000000000000e+03
2.007250000000000000e+03
2.007500000000000000e+03
2.007750000000000000e+03
2.008000000000000000e+03
2.008250000000000000e+03
2.008500000000000000e+03
2.008750000000000000e+03
2.009000000000000000e+03
2.009250000000000000e+03
2.009500000000000000e+03
2.009750000000000000e+03
2.010000000000000000e+03
2.010250000000000000e+03
2.010500000000000000e+03
2.010750000000000000e+03
2.011000000000000000e+03
2.011250000000000000e+03
2.011500000000000000e+03
2.011750000000000000e+03
2.012000000000000000e+03
2.012250000000000000e+03
2.012500000000000000e+03
2.012750000000000000e+03
2.013000000000000000e+03
2.013250000000000000e+03
2.013500000000000000e+03
2.013750000000000000e+03
2.014000000000000000e+03
2.014250000000000000e+03
2.014500000000000000e+03
2.014750000000000000e+03
2.015000000000000000e+03
2.015250000000000000e+03
2.015500000000000000e+03
2.015750000000000000e+03
